name: slowfast
channels:
  - pytorch
  - conda-forge
  - defaults
dependencies:
  - _libgcc_mutex=0.1=main
  - av=6.2.0=py37h866369f_1
  - blas=1.0=openblas
  - bzip2=1.0.8=h516909a_2
  - ca-certificates=2019.11.27=0
  - certifi=2019.11.28=py37_0
  - cffi=1.13.2=py37h2e261b9_0
  - cmake=3.14.0=h52cb24c_0
  - cudatoolkit=10.0.130=0
  - expat=2.2.6=he6710b0_0
  - ffmpeg=4.1.3=h167e202_0
  - freetype=2.10.0=he983fc9_1
  - gmp=6.1.2=hf484d3e_1000
  - gnutls=3.6.5=hd3a4fd2_1002
  - intel-openmp=2019.4=243
  - jpeg=9c=h14c3975_1001
  - krb5=1.16.4=h173b8e3_0
  - lame=3.100=h14c3975_1001
  - ld_impl_linux-64=2.33.1=h53a641e_7
  - libblas=3.8.0=14_openblas
  - libcblas=3.8.0=14_openblas
  - libcurl=7.67.0=h20c2e04_0
  - libedit=3.1.20181209=hc058e9b_0
  - libffi=3.2.1=hd88cf55_4
  - libgcc-ng=9.1.0=hdf63c60_0
  - libgfortran-ng=7.3.0=hdf63c60_4
  - libiconv=1.15=h516909a_1005
  - liblapack=3.8.0=14_openblas
  - libopenblas=0.3.7=h5ec1e0e_6
  - libpng=1.6.37=hed695b0_0
  - libssh2=1.8.2=h1ba5d50_0
  - libstdcxx-ng=9.1.0=hdf63c60_0
  - libtiff=4.1.0=hc3755c2_3
  - lz4-c=1.8.3=he1b5a44_1001
  - magma-cuda100=2.5.1=1
  - mkl=2019.4=243
  - mkl-include=2019.4=243
  - ncurses=6.1=he6710b0_1
  - nettle=3.4.1=h1bed415_1002
  - ninja=1.9.0=py37hfd86e86_0
  - numpy-base=1.18.1=py37h2f8d375_0
  - olefile=0.46=py_0
  - openh264=1.8.0=hdbcaa40_1000
  - openssl=1.1.1d=h7b6447c_3
  - pip=19.3.1=py37_0
  - pycparser=2.19=py37_0
  - python=3.7.6=h0371630_2
  - pytorch=1.4.0=py3.7_cuda10.0.130_cudnn7.6.3_0
  - readline=7.0=h7b6447c_5
  - rhash=1.3.8=h1ba5d50_0
  - setuptools=44.0.0=py37_0
  - sqlite=3.30.1=h7b6447c_0
  - tk=8.6.8=hbc83047_0
  - wheel=0.33.6=py37_0
  - x264=1!152.20180806=h14c3975_0
  - xz=5.2.4=h14c3975_4
  - yaml=0.1.7=had09818_2
  - zlib=1.2.11=h7b6447c_3
  - zstd=1.4.4=h3b9ef0a_1
  - pip:
    - absl-py==0.9.0
    - backcall==0.1.0
    - cachetools==4.0.0
    - chardet==3.0.4
    - cloudpickle==1.2.2
    - cycler==0.10.0
    - cython==0.29.14
    - decorator==4.4.1
    - future==0.18.2
    - google-auth==1.10.1
    - google-auth-oauthlib==0.4.1
    - grpcio==1.26.0
    - idna==2.8
    - ipdb==0.12.3
    - ipython==7.11.1
    - ipython-genutils==0.2.0
    - jedi==0.15.2
    - joblib==0.14.1
    - kiwisolver==1.1.0
    - markdown==3.1.1
    - matplotlib==3.1.2
    - numpy==1.18.1
    - oauthlib==3.1.0
    - opencv-python==4.1.2.30
    - pandas==0.25.3
    - parso==0.5.2
    - pexpect==4.7.0
    - pickleshare==0.7.5
    - pillow==6.2.2
    - portalocker==1.5.2
    - prompt-toolkit==3.0.2
    - protobuf==3.11.2
    - ptyprocess==0.6.0
    - pyasn1==0.4.8
    - pyasn1-modules==0.2.8
    - pycocotools==2.0
    - pydot==1.4.1
    - pygments==2.5.2
    - pyparsing==2.4.6
    - python-dateutil==2.8.1
    - pytz==2019.3
    - pyyaml==5.3
    - requests==2.22.0
    - requests-oauthlib==1.3.0
    - rsa==4.0
    - simplejson==3.17.0
    - six==1.14.0
    - tabulate==0.8.6
    - tensorboard==2.1.0
    - termcolor==1.1.0
    - torch==1.4.0
    - torchvision==0.5.0
    - tqdm==4.41.1
    - traitlets==4.3.3
    - urllib3==1.25.7
    - wcwidth==0.1.8
    - werkzeug==0.16.0
    - yacs==0.1.6
prefix: /ssd1/linjie/miniconda3/envs/slowfast

